-30.000000  -0.929994   0.061636
-29.500000  -0.733758   0.026042
-29.000000  -0.746514   0.051959
-28.500000  -0.680195   0.020428
-28.000000  -0.664237   0.052935
-27.500000  -0.645265   0.074595
-27.000000  -0.658232   0.063043
-26.500000  -0.647264   0.028232
-26.000000  -0.657290   0.060700
-25.500000  -0.666885   0.028627
-25.000000  -0.709069   0.085332
-24.500000  -0.725465   0.044856
-24.000000  -0.740230   0.038169
-23.500000  -0.738555   0.038679
-23.000000  -0.784771   0.045615
-22.500000  -0.752060   0.039905
-22.000000  -0.790178   0.023248
-21.500000  -0.783963   0.021693
-21.000000  -0.811282   0.023035
-20.500000  -0.838261   0.019749
-20.000000  -0.869627   0.056318
-19.500000  -0.883663   0.009679
-19.000000  -0.825974   0.016809
-18.500000  -0.823533   0.021889
-18.000000  -0.850639   0.044379
-17.500000  -0.815950   0.046269
-17.000000  -0.798932   0.033272
-16.500000  -0.817298   0.027450
-16.000000  -0.851999   0.050508
-15.500000  -0.863585   0.015858
-15.000000  -0.896358   0.030880
-14.500000  -0.900571   0.048963
-14.000000  -0.903724   0.046001
-13.500000  -0.886468   0.041458
-13.000000  -0.908873   0.024905
-12.500000  -0.915441   0.047925
-12.000000  -0.975358   0.021267
-11.500000  -0.955025   0.062407
-11.000000  -0.990927   0.061691
-10.500000  -0.978146   0.016462
-10.000000  -1.000398   0.021017
 -9.500000  -0.995742   0.031953
 -9.000000  -0.994010   0.053463
 -8.500000  -0.905005   0.017092
 -8.000000  -0.909847   0.010683
 -7.500000  -0.944084   0.058314
 -7.000000  -0.917250   0.011068
 -6.500000  -0.924650   0.028268
 -6.000000  -0.943211   0.022452
 -5.500000  -0.961070   0.036998
 -5.000000  -0.933730   0.037566
 -4.500000  -0.915860   0.047882
 -4.000000  -0.927374   0.080791
 -3.500000  -0.893036   0.033237
 -3.000000  -0.872055   0.042239
 -2.500000  -0.870129   0.016983
 -2.000000  -0.846510   0.030237
 -1.500000  -0.846785   0.036315
 -1.000000  -0.863060   0.051767
 -0.500000  -0.864342   0.063743
  0.000000  -0.870495   0.011933
  0.500000  -0.922778   0.023513
  1.000000  -0.879005   0.069377
  1.500000  -0.837049   0.026378
  2.000000  -0.847590   0.041423
  2.500000  -0.882432   0.038870
  3.000000  -0.877000   0.036044
  3.500000  -0.851896   0.038569
  4.000000  -0.878914   0.042291
  4.500000  -0.867406   0.045854
  5.000000  -0.846454   0.050261
  5.500000  -0.808618   0.063854
  6.000000  -0.813938   0.036344
  6.500000  -0.788047   0.060129
  7.000000  -0.788233   0.022619
  7.500000  -0.797480   0.039747
  8.000000  -0.791317   0.019854
  8.500000  -0.811342   0.019035
  9.000000  -0.797979   0.068753
  9.500000  -0.815408   0.022436
 10.000000  -0.839550   0.050629
 10.500000  -0.867726   0.062246
 11.000000  -0.870178   0.045810
 11.500000  -0.862706   0.023868
 12.000000  -0.888112   0.035963
 12.500000  -0.911695   0.027427
 13.000000  -0.932489   0.009728
 13.500000  -0.903697   0.036213
 14.000000  -0.909538   0.073210
 14.500000  -0.896383   0.007467
 15.000000  -0.892462   0.028045
